                  n.rt  n.mentions  n.rep V.Weak   Weak  Average.E  Average  Strong.E  Strong   V.Strong   E.Strong   Ω   
"Marine Le pen"  14678       66798   4003 1.797330e-16  3.590316e-15 1.194820e-13  1.547716e-12  1.346699e-11  1.207104e-10  1.826552e-01  8.173448e-01 4.498707e-18
"Floriant Filippot" 10917 15364 2684      1.032519e-05  7.295998e-05  7.035528e-04  3.033557e-03  8.340205e-03  2.191526e-02  5.830090e-01 3.829144e-01 7.305781e-07
"Jean-Luc Melenchon" 6846 19336 1288 2.808552e-05 1.832843e-04 1.403947e-03 4.954501e-03 1.247841e-02 2.977818e-02 7.960571e-01 1.551143e-01 2.151760e-06
"Christine Boutin" 1967 32470 4507 3.552984e-07 3.149566e-06 2.494953e-05 1.178777e-04 4.280925e-04 1.321385e-03 9.796956e-01  1.840861e-02 2.003986e-08 
"Aymeric Chauparde"  4490 9770 496 0.0059055561   0.0209415559   0.0745706387  0.1262102738  0.1587091327  0.1845271749  0.4171324655   0.0111705707   0.0008326317
"Nicolas Dupont-Aignon" 2958 12049 919 0.0042795878   0.0159747395   0.0521377910   0.0966483790   0.1353647282   0.1627212605   0.5293170700   0.0029832355   0.0005732085
"José Bove" 2037 9848 429 0.0183605756   0.0527612148   0.1216994325   0.1669795919   0.1798583364   0.1642724962   0.2925722297   0.0003017007   0.0031944222
"Geoffroy Didier" 1985 7512 633 0.0408423809   0.0971799062   0.1868802183   0.2092645352   0.1791757434   0.1304659633   0.1474917716   0.0001177985   0.0085816827
"Raquel Garrido" 1691 7897 276 4.592521e-02   1.058484e-01   1.906334e-01   2.048485e-01   1.745481e-01   1.258612e-01   1.423126e-01   6.060001e-05   9.961938e-03
"Francois Asselineau" 3379 4952 461 0.0585673720   0.1258005426   0.2411080745   0.2290748060   0.1594531347   0.0991562473   0.0728942621   0.0003138903   0.0136316703
"Corinne Morel-Darleux" 3045 5608 291 0.0570137104   0.1234611311   0.2380745500   0.2250856802   0.1606885043   0.1029774992   0.0792115182   0.0003245747   0.0131628320
"Louis Aliot" 2578 5797 578 0.0589127944   0.1263160558   0.2313553986   0.2250521750   0.1616826686   0.1010833372    0.0816924669   0.0001684245   0.0137366790
"Denis Payre" 2444 5955 398 0.0628018547   0.1320281683   0.2354728461   0.2212442349   0.1574637014   0.0978497615   0.0780604758   0.0001441873   0.0149347700 
"Jadot Yannick" 2290 6696 265 0.0543261606    0.1193430152    0.2201435935   0.2168352101   0.1660030796   0.1105033006   0.1003201277   0.0001619485   0.0123635642
"Julien Rochedy" 2261 4220 646 0.1107930473   0.1902556864   0.2695351399   0.2050325622   0.1117805898   0.0524046924   0.0279198412   0.0000235285   0.0322549122
"Marielle De Sarnez" 918 7728 119 7.127180e-02   1.438783e-01   2.074260e-01   2.006558e-01   1.565509e-01   1.017866e-01   1.007778e-01   2.056512e-06   1.765063e-02
"Jérome Lavrilleux" 389 7853 170 8.346397e-02   1.596493e-01   2.071217e-01   1.957841e-01   1.485209e-01   9.374441e-02   8.990097e-02   1.575581e-08   2.181470e-02
"Louis De Gouyon Matignon" 884 2094 978 2.884080e-01   2.695192e-01   1.912187e-01   7.274474e-02  1.883852e-02   4.133262e-03   8.666665e-04   1.683818e-08   1.542709e-01
"Jean Sebastien Herpin" 681 1309 719 3.553867e-01   2.287425e-01   1.081796e-01   2.670231e-02   4.350123e-03   5.947417e-04   7.276278e-05   3.165593e-10   2.759713e-01
